[gd_scene load_steps=3 format=2]

[ext_resource path="res://World.gd" type="Script" id=1]

[sub_resource type="CubeMesh" id=1]

[node name="World" type="Spatial"]
transform = Transform( 0.999999, -0.00161116, -0.000459896, 0.00161248, 0.999995, 0.00290171, 0.000455228, -0.00290245, 0.999996, 0, 0, 0 )
script = ExtResource( 1 )

[node name="Cube" type="MeshInstance" parent="."]
transform = Transform( 1, 6.51198e-10, 1.74623e-10, 3.9563e-11, 1, -1.39698e-09, 1.16415e-10, 0, 1, 3.32714, -1.4671, -1.79992 )
mesh = SubResource( 1 )
material/0 = null

[node name="ClippedCamera" type="ClippedCamera" parent="."]
transform = Transform( 1, 0, 0, 0, 0.939693, 0.34202, 0, -0.34202, 0.939693, 0, 4, 10 )

[node name="DirectionalLight" type="DirectionalLight" parent="."]
transform = Transform( 0.395055, -0.709688, 0.583331, 0.449377, 0.703114, 0.551081, -0.801244, 0.0444278, 0.596687, 7.27293, 5.97764, 5.65596 )
light_energy = 0.46
light_indirect_energy = 0.0

[node name="MeshInstance" type="MeshInstance" parent="."]
transform = Transform( 1, 8.84029e-10, 2.32831e-10, 3.96767e-11, 1, -1.86265e-09, 1.16415e-10, 0, 1, 0, 0, 0 )
